108 97
115 104
100 97
110 105
202 187
103 97
114 105
108 105
111 260
32 98
116 105
100 105
115 105
116 97
99 104
109 97
121 97
256 114
114 97
32 107
32 113
110 103
111 110
118 97
97 114
261 110
256 262
32 104
105 108
32 279
32 111
259 277
32 109
107 105
32 269
226 128
257 105
32 97
32 116
32 115
103 105
32 121
107 97
32 101
110 97
111 114
32 105
32 117
122 105
32 271
270 105
109 105
32 264
109 111
258 110
117 110
115 116
100 101
265 105
283 97
256 110
115 97
265 264
103 260
263 107
114 111
10 10
32 83
270 97
32 120
32 291
268 272
108 111
97 116
101 114
113 105
121 111
202 188
276 105
288 117
312 278
32 112
32 106
265 111
121 105
32 65
275 101
118 111
114 101
32 102
32 50
113 97
98 105
275 264
98 97
98 101
32 49
108 281
32 79
262 257
111 115
256 257
32 257
32 77
101 110
32 272
258 296
32 258
32 82
122 351
117 114
32 66
110 111
32 313
256 267
117 116
291 157
263 257
365 289
295 97
100 111
276 97
263 296
302 257
303 270
314 316
117 118
113 258
325 97
83 104
315 109
263 98
32 84
374 336
115 111
122 97
32 85
260 389
276 264
259 107
275 117
116 273
116 111
118 105
309 383
294 117
256 98
346 48
356 327
280 111
122 111
380 311
265 101
106 97
104 97
112 371
411 395
117 108
32 300
108 267
326 156
266 257
294 111
257 107
338 97
32 274
295 111
268 258
273 259
265 117
283 117
101 118
354 393
323 412
102 97
319 105
297 264
339 257
116 282
116 281
263 292
105 122
326 148
297 111
364 404
108 117
32 75
278 97
276 284
265 97
107 111
117 115
108 101
294 264
289 110
121 284
32 306
314 114
275 105
32 34
294 101
274 116
288 105
266 98
118 256
84 79
98 280
105 121
261 259
115 266
32 45
111 121
282 259
313 110
115 112
101 116
32 73
117 113
32 270
32 80
284 111
32 89
290 333
358 97
277 105
98 117
307 122
285 304
98 111
272 116
263 110
308 122
32 78
121 267
100 117
344 304
491 469
32 81
32 40
104 111
78 84
295 264
272 266
69 496
75 499
385 500
461 501
298 116
360 116
275 97
273 287
266 355
403 50
109 256
363 460
334 373
273 261
283 111
97 110
316 281
367 117
318 353
298 304
105 114
326 147
32 344
32 118
348 121
112 97
256 259
32 266
308 116
293 121
115 269
276 111
322 322
108 271
32 110
262 110
302 110
305 333
297 284
111 116
104 105
117 98
282 261
32 268
276 117
107 301
384 462
32 68
337 492
318 340
283 280
108 261
382 306
263 121
290 114
548 324
388 111
290 419
32 71
265 330
32 88
111 262
290 257
32 376
259 272
286 114
109 117
308 114
32 103
107 274
349 274
273 258
268 122
262 98
32 70
263 109
112 105
32 47
291 156
275 111
283 105
271 116
107 116
105 300
345 97
369 98
315 331
111 259
328 118
32 86
271 110
267 114
297 117
109 278
32 51
97 121
536 441
293 118
335 109
597 450
419 504
48 48
305 509
111 263
332 435
258 121
114 117
301 116
288 101
286 292
276 280
299 266
271 115
309 259
266 258
107 117
372 44
274 110
102 105
98 329
568 582
288 284
318 387
262 353
323 104
299 267
98 114
302 109
268 259
275 311
274 107
274 267
444 267
325 437
32 368
101 262
349 114
257 97
358 117
313 107
426 490
293 271
108 113
32 74
522 476
510 116
307 258
106 105
257 481
396 259
271 266
307 121
377 121
332 116
399 121
102 319
32 72
334 486
540 263
111 118
103 117
265 280
470 657
286 387
418 612
479 104
263 113
116 101
282 258
321 113
113 266
32 261
361 480
81 385
549 523
121 427
101 107
340 110
268 121
392 619
293 390
110 261
300 267
508 49
556 284
363 343
122 280
359 97
327 268
32 53
297 101
32 100
265 301
585 258
267 121
113 329
458 277
661 298
121 117
663 310
282 287
258 114
378 259
350 262
299 317
122 284
286 415
319 262
111 108
305 114
286 373
421 104
349 112
531 10
302 107
100 258
266 353
120 443
113 280
331 110
50 48
379 402
269 267
266 321
555 599
32 328
433 347
102 111
258 109
432 113
483 114
32 259
341 672
117 328
268 261
106 117
306 320
279 114
586 336
297 105
654 737
115 115
357 266
635 317
452 347
299 261
579 390
108 400
299 116
609 292
342 629
32 52
100 301
261 114
262 258
120 97
384 641
32 391
296 272
273 310
110 107
114 278
98 413
32 69
287 638
338 467
307 114
473 405
271 259
97 118
394 292
32 114
295 117
304 114
643 498
379 722
321 108
276 329
259 113
294 366
266 110
120 115
316 267
32 262
547 266
620 263
386 544
32 76
640 550
111 274
396 270
107 269
102 280
345 766
427 321
256 116
325 111
271 121
308 304
348 114
317 110
79 393
262 272
374 529
116 327
271 268
377 274
34 44
32 343
120 105
274 423
268 362
315 274
262 292
595 109
341 739
338 105
449 706
261 324
101 108
566 269
526 304
340 410
669 390
377 110
97 109
305 113
97 108
338 117
84 111
303 647
525 257
467 258
392 802
259 121
299 417
289 100
269 110
375 121
304 332
288 111
369 267
386 258
275 301
268 332
345 831
32 67
309 108
601 503
403 49
452 331
384 118
364 101
713 289
262 370
299 277
101 115
782 343
121 301
345 111
474 101
660 324
432 108
103 111
533 101
110 267
578 109
856 106
299 333
448 581
558 267
269 114
299 611
274 257
724 821
297 471
285 107
256 681
315 383
414 791
596 398
311 604
318 370
32 54
755 405
297 330
118 101
32 55
314 122
305 116
288 311
267 109
266 114
297 301
268 287
262 121
256 603
32 267
408 355
82 404
495 263
527 518
534 306
785 320
456 120
100 798
774 107
745 98
444 281
293 115
109 634
850 102
121 278
497 122
363 274
285 113
293 777
562 108
101 121
307 110
601 298
306 273
344 740
710 702
352 57
729 378
909 298
357 507
345 105
478 835
595 309
497 277
323 97
115 256
66 117
77 97
432 300
352 48
388 97
525 292
309 113
282 310
308 534
108 296
299 107
311 332
262 261
439 289
108 258
533 280
464 259
422 410
294 330
305 104
311 310
477 793
361 300
334 115
318 415
293 899
358 280
377 761
271 114
454 292
454 262
318 108
360 269
110 100
112 606
913 409
527 298
32 319
308 269
556 476
329 269
302 822
290 110
359 519
266 113
823 604
583 602
305 118
289 336
256 292
832 300
305 110
323 410
337 280
256 121
98 284
656 281
266 259
451 258
394 108
290 121
115 441
369 272
32 280
300 116
361 718
316 507
524 563
308 435
398 121
303 287
305 317
825 317
279 116
993 857
356 107
113 382
267 258
308 417
32 284
889 111
305 106
32 56
352 53
337 97
293 328
851 696
298 110
107 115
276 278
426 614
562 105
385 117
838 674
359 280
639 100
299 868
115 268
314 901
626 446
388 366
318 436
521 409
408 942
564 347
263 259
337 321
318 532
477 97
439 257
1008 279
303 259
334 370
262 259
32 399
493 111
307 259
32 685
608 355
518 121
684 645
266 409
106 350
105 1002
364 97
994 1055
108 278
303 273
115 278
256 281
431 336
262 109
588 97
32 57
105 110
557 260
457 327
116 258
106 329
361 274
297 473
488 111
418 112
470 606
32 90
104 278
1004 256
266 292
256 489
113 111
784 278
375 113
290 107
561 347
359 101
632 649
623 117
286 486
302 106
101 270
1037 263
275 973
481 538
268 310
976 1026
305 121
266 261
488 97
1013 317
690 944
542 332
456 122
447 117
120 292
262 415
113 284
888 1095
262 107
116 266
321 118
115 732
262 436
112 101
359 117
271 489
547 116
118 330
659 312
375 350
780 447
1086 262
340 257
320 273
98 301
420 309
952 1113
290 113
263 258
483 262
264 121
401 257
122 117
110 330
286 340
120 269
632 580
478 574
286 353
352 50
274 108
428 258
337 594
910 571
354 260
1073 560
269 268
293 333
296 107
414 1054
397 259
357 281
354 843
361 1106
32 324
107 101
543 775
444 400
366 117
259 258
335 495
1149 406
954 524
328 757
367 111
335 539
275 278
664 280
892 727
651 269
266 309
79 260
352 49
811 298
328 113
112 111
118 376
858 437
280 98
679 677
542 430
109 324
497 109
1111 726
560 121
339 319
290 904
261 274
478 918
434 259
375 1178
342 108
265 284
115 317
363 312
106 278
302 306
430 97
564 977
305 1122
420 277
309 988
743 355
394 257
865 1000
670 122
294 616
267 97
637 763
560 106
426 113
1121 98
770 1132
483 485
531 322
301 111
379 273
303 565
307 272
259 259
104 329
376 1199
266 272
122 109
607 104
359 1043
559 1056
114 447
289 272
932 459
257 261
116 117
574 575
116 330
342 680
114 301
510 397
463 413
453 261
288 108
256 350
406 1063
300 263
646 981
337 111
32 292
263 102
257 258
117 779
100 278
306 268
317 262
309 272
274 109
352 51
84 97
115 289
283 1092
106 1071
290 262
684 109
109 309
421 115
295 101
277 437
927 107
352 56
350 759
293 108
521 696
271 281
1074 343
964 317
352 52
290 402
845 104
331 113
303 506
73 65
867 1059
513 772
546 97
368 271
352 54
769 1183
965 625
299 1135
558 281
418 592
1027 1052
959 116
971 482
872 382
567 1160
420 343
268 300
859 1189
116 267
325 1211
747 267
286 108
460 116
377 700
837 587
317 116
65 461
315 343
109 271
741 622
401 767
398 262
269 107
1167 109
1101 618
451 281
303 605
290 104
827 258
656 267
1022 311
320 258
912 541
426 734
376 118
286 331
109 101
790 98
866 999
303 121
286 121
69 1231
979 498
1087 1209
97 267
719 50
547 269
368 118
342 676
303 110
279 108
513 947
408 630
342 373
734 100
352 55
286 306
266 348
89 97
293 110
290 115
334 387
1269 298
1334 1353
509 310
365 107
457 687
442 97
414 430
317 108
295 382
286 98
1273 465
295 967
458 110
299 108
335 529
410 108
364 1280
874 518
610 353
477 101
115 328
371 311
329 327
101 313
274 114
41 44
272 110
651 100
708 518
293 120
431 114
269 754
401 292
299 435
508 51
446 118
422 259
256 109
1384 1030
458 103
475 1250
474 788
1182 613
420 274
875 284
458 113
335 714
790 625
555 1245
679 423
980 1345
116 278
320 298
293 103
103 311
479 780
340 370
286 809
286 105
545 258
406 100
338 1186
591 391
280 100
1048 1243
384 702
620 552
445 108
306 282
985 118
397 261
1126 538
488 1307
974 693
943 470
704 281
298 271
257 263
527 267
1391 115
314 262
367 97
115 101
659 480
593 48
49 57
903 368
875 1297
1172 463
299 114
426 1260
293 107
117 109
333 441
811 503
320 259
101 321
1085 1248
337 467
879 1203
475 921
286 1115
1296 98
742 116
583 694
1422 503
1119 268
452 113
308 331
266 298
414 406
863 324
342 353
513 256
339 256
795 890
308 113
513 289
264 409
257 514
115 107
357 261
299 1020
274 266
370 765
332 108
1075 292
472 121
335 824
284 281
842 716
561 262
286 727
820 307
710 462
387 278
1162 1429
1033 1230
341 118
849 257
519 431
369 489
46 46
579 1254
122 301
1264 650
1090 281
343 122
264 108
1068 1180
626 406
346 53
1019 268
602 272
819 423
689 1313
820 109
341 925
266 108
505 109
304 336
828 599
705 110
414 118
587 306
359 105
100 693
334 263
115 350
884 258
479 107
1382 1424
664 262
642 97
268 269
112 266
628 258
844 830
471 114
434 261
32 490
450 306
1481 309
1258 121
609 301
309 118
1493 1513
730 1521
1127 97
399 1229
269 347
827 1355
440 287
559 97
363 118
266 287
1540 836
992 402
769 110
267 113
951 1237
773 258
103 101
305 1368
293 106
117 122
449 1137
341 98
493 117
463 427
935 373
263 261
1029 114
270 289
335 279
121 101
73 86
420 307
339 115
328 1150
378 261
305 1328
111 113
443 1542
286 532
442 111
380 1294
1018 347
1009 1006
361 107
83 412
941 484
1025 763
1024 809
293 116
664 753
505 348
433 717
315 121
292 257
32 256
121 263
784 1416
639 267
305 321
274 263
262 746
778 263
588 1477
342 387
265 1374
1584 1253
561 331
505 1360
483 430
121 507
406 113
539 258
259 298
259 261
487 405
285 289
361 110
308 676
274 102
738 431
376 257
848 54
375 846
900 257
323 117
339 274
49 48
776 301
436 324
337 413
421 105
114 281
370 281
305 257
49 50
100 267
596 103
32 448
346 52
510 434
398 118
335 1432
102 430
421 1157
914 116
449 665
318 373
1198 258
1187 665
281 258
335 120
1136 258
1406 504
478 268
311 261
298 122
1241 110
815 368
110 270
369 1409
286 257
652 464
422 329
32 321
256 271
334 257
1614 263
1365 1543
303 306
121 266
1324 109
525 98
349 324
295 116
935 436
566 300
331 121
311 258
73 73
1091 1441
1212 473
399 1249
305 258
1397 282
492 116
1567 1641
379 261
312 101
266 746
401 430
299 104
1688 1594
916 273
700 332
421 1680
375 271
1219 650
307 115
299 721
535 102
493 1539
961 347
474 675
107 366
122 101
632 271
276 366
456 448
394 307
375 368
367 101
100 321
816 423
639 1010
98 447
1370 98
98 366
422 590
32 459
454 109
354 1234
288 1506
1226 997
553 939
266 415
376 262
307 261
487 261
633 109
1571 331
1044 1459
439 122
457 117
298 274
274 98
379 278
101 97
1023 580
842 1576
296 1430
110 101
105 258
1420 289
1300 463
526 1657
396 391
679 799
268 108
265 880
104 298
32 605
558 400
457 101
1642 269
1288 757
474 471
345 280
285 669
115 446
342 436
315 106
1023 649
583 707
406 1732
122 278
293 925
112 344
442 1562
807 1527
350 121
1032 259
553 459
324 320
948 317
955 258
420 1078
263 272
110 258
100 114
49 54
543 262
394 550
325 1105
335 1223
293 1449
113 278
487 752
293 1478
573 1376
1351 1552
325 1471
1018 1610
367 105
268 109
111 736
32 48
513 794
403 48
396 324
292 259
456 1738
401 589
369 1316
352 600
302 1185
268 278
256 409
275 103
1084 357
764 1153
537 287
308 721
1005 1010
292 261
342 324
293 399
259 257
551 273
311 289
295 836
266 310
32 310
397 258
112 301
928 370
730 271
358 880
348 113
304 109
286 465
122 258
116 261
271 100
258 108
1561 775
346 51
319 97
1636 450
537 258
114 267
908 356
445 911
330 271
107 278
442 117
49 53
867 459
349 572
266 107
1833 263
819 810
111 772
939 306
744 108
414 309
335 97
307 485
98 278
1439 1165
546 101
535 885
405 105
919 434
300 110
276 382
330 103
262 269
112 280
986 1224
585 362
1582 311
341 448
1050 366
738 1110
292 300
432 550
335 1762
1190 357
277 260
120 278
591 484
392 273
101 450
1283 1303
1194 590
770 447
303 1609
1166 257
553 289
422 118
308 1009
1392 616
789 282
451 287
1463 457
335 343
118 278
472 110
446 109
379 282
1700 966
333 259
1208 1076
1050 350
440 261
484 108
338 111
591 107
115 117
111 109
109 575
610 415
553 347
346 49
828 1488
290 106
286 1309
1516 618
1295 104
654 278
294 278
1686 333
934 1446
121 675
1040 281
628 282
617 113
346 50
1729 666
361 636
1454 1069
1427 330
1202 1793
401 262
122 1702
108 98
1005 100
564 281
303 424
1373 109
266 118
102 269
262 113
257 111
1520 681
284 552
970 97
1418 261
1841 563
475 111
313 1220
443 653
351 107
269 108
414 257
305 115
433 402
369 281
350 613
304 113
303 465
268 98
120 266
1144 376
266 370
1072 417
816 810
313 114
1854 1195
1415 1096
308 1356
1103 677
974 267
114 100
51 48
1047 313
807 113
445 495
1491 1120
610 370
454 355
464 310
299 109
295 360
261 122
445 759
1672 1751
1145 320
392 647
323 111
298 625
1919 300
1292 1284
535 465
262 108
116 264
98 256
1484 102
930 296
117 523
979 485
530 415
269 109
1684 331
1967 317
290 100
117 262
32 296
697 257
397 287
272 1528
115 413
67 104
420 1934
1805 107
323 105
358 1860
315 108
1556 552
655 97
526 107
107 1312
1894 1925
120 329
511 261
286 552
969 122
302 1920
1411 256
107 273
102 101
97 258
1188 544
717 301
339 406
101 122
80 921
508 50
314 368
742 417
859 1909
1845 301
713 1534
636 267
430 329
738 263
535 1235
442 301
350 347
333 97
286 581
1707 1148
566 464
271 108
83 97
970 111
465 803
345 427
302 1566
264 257
1367 1748
903 1611
776 300
103 443
984 2043
82 83
442 101
387 273
77 117
789 263
688 48
428 261
341 114
270 278
79 1677
1098 1251
591 122
262 350
767 336
294 301
102 301
1156 331
896 344
463 311
1765 108
528 1064
272 625
267 272
1593 343
1546 641
1480 413
488 105
345 301
271 267
85 647
670 112
508 48
484 100
366 1244
339 1497
72 84
1975 1735
1133 311
633 307
346 56
282 482
1036 515
342 277
300 108
1317 257
774 289
591 262
581 301
308 121
382 105
363 114
315 328
292 277
68 97
530 353
302 529
112 328
105 304
49 52
102 116
1629 268
948 808
303 2007
266 572
409 108
390 2047
263 431
1887 348
346 54
335 321
334 1038
117 833
1267 114
728 111
449 112
425 121
309 116
84 69
49 55
434 258
332 266
305 1995
66 437
756 109
1914 2076
535 1061
465 107
340 362
293 532
97 98
428 287
276 405
111 843
1012 650
346 55
108 697
984 350
474 111
334 256
318 121
334 436
1651 378
969 1428
752 320
557 1947
472 1185
337 602
315 1940
257 278
1468 282
311 107
293 112
110 306
86 97
448 261
349 355
349 269
299 459
295 280
290 1242
288 356
264 312
1035 1310
394 1124
307 116
271 282
396 872
305 1873
303 680
286 1383
642 514
493 97
268 110
1974 111
652 949
344 267
340 98
88 97
302 465
2147 1950
553 1348
1129 890
347 109
49 56
1214 2022
578 1696
565 97
264 114
106 111
1915 653
452 717
413 256
379 357
367 437
106 101
68 72
2145 319
797 287
567 117
342 306
1396 332
747 400
342 370
333 304
321 122
303 312
290 1278
286 370
1587 321
358 111
956 307
931 1899
425 1436
1127 329
280 523
266 436
263 307
2116 1404
1472 350
116 263
431 258
337 105
293 1263
78 97
66 953
286 270
105 115
1151 423
643 272
394 121
340 292
316 400
120 1217
319 111
77 84
32 838
1179 261
284 267
122 329
105 109
1077 97
286 1500
274 268
69 85
1649 348
1865 563
1652 114
1451 269
443 108
388 101
299 298
1689 266
640 108
618 269
309 552
288 1531
273 447
50 53
1597 268
1487 282
372 46
449 587
334 114
327 273
290 348
1789 378
498 259
304 272
2267 2141
2292 2064
708 269
379 256
302 484
1098 376
1014 2210
263 115
263 108
858 2121
660 2032
456 765
342 415
1859 2055
342 115
319 443
293 1918
271 273
107 280
49 51
2133 409
408 622
408 262
388 1569
32 122
422 1826
361 614
308 110
117 107
101 272
2002 485
318 486
745 348
479 120
1032 563
849 98
333 463
102 329
2059 109
1290 1663
346 57
2306 450
1103 1306
573 280
474 1817
303 324
65 118
50 52
1523 108
1664 1176
892 258
756 1377
375 328
323 1287
257 589
1734 270
1362 1922
445 391
302 122
1803 113
1396 911
862 104
546 117
532 489
2081 2020
449 114
445 121
104 618
1945 1242
655 105
355 261
122 1375
1557 274
768 1120
349 524
341 121
338 2097
116 268
103 278
1560 490
1236 292
723 258
408 853
390 430
307 107
1615 118
537 570
521 646
339 1021
266 622
49 49
106 405
1787 1357
1359 694
535 666
452 1108
451 310
364 2293
85 619
85 287
1212 117
643 485
578 1348
440 258
360 101
366 115
361 2062
1347 113
1341 668
1196 366
711 668
308 389
1708 329
589 281
422 319
375 109
120 111
532 281
414 685
70 80
1205 259
1105 799
1014 481
401 572
341 108
1344 382
914 1070
98 467
607 1832
561 2153
408 257
384 262
369 2178
1508 306
771 100
305 2375
266 482
1992 1233
1089 763
972 116
929 116
573 97
386 271
120 519
109 258
1749 120
1295 539
600 48
116 269
1206 268
611 320
432 263
347 110
337 2174
115 327
1555 1462
968 258
906 876
543 2151
425 911
360 261
1116 1223
839 2383
296 300
257 259
1349 480
391 267
32 263
421 122
350 108
335 2129
110 310
805 1648
392 287
341 1263
122 273
102 538
66 105
1495 46
914 613
417 261
341 110
315 116
299 355
286 1413
2296 457
1128 434
300 603
1553 735
1247 726
680 262
375 343
367 594
363 321
274 617
107 289
1205 271
425 697
359 1944
334 121
319 278
65 86
456 107
360 266
302 376
100 273
2312 329
1456 289
1372 2073
530 1740
359 2219
896 2120
2194 1998
2163 402
732 317
431 257
103 1255
2474 398
1470 109
969 704
691 400
508 52
350 266
902 259
792 282
312 330
109 301
1728 270
711 402
571 320
505 796
308 268
303 512
292 258
65 672
996 1220
768 503
689 459
385 2528
348 652
115 1287
113 331
110 855
1318 267
980 1134
708 1654
488 101
275 280
1883 267
1175 266
503 327
357 267
259 485
2026 846
1302 779
1035 741
865 112
306 378
1065 2241
805 715
704 271
1783 1822
1709 2280
1012 107
401 319
111 257
421 2206
328 399
354 552
108 331
943 1076
825 111
655 117
427 1142
2437 1306
1333 259
1261 808
465 298
445 409
369 107
2046 2321
1040 489
891 267
445 274
97 263
83 83
1194 267
319 732
114 263
105 430
41 46
1814 97
1533 2346
665 259
626 266
259 101
256 107
120 116
1717 523
792 273
367 2258
303 108
2494 292
1694 1598
815 1519
764 570
658 694
635 1983
445 2227
1326 1957
1091 111
948 120
822 693
375 759
375 108
343 463
341 2411
267 317
1853 1124
800 258
418 2581
396 274
323 101
286 808
1079 282
864 1197
730 2172
325 2506
277 284
80 1683
1779 373
1261 120
919 397
109 273
32 37
1068 97
50 50
1994 706
1698 1731
551 282
528 1080
339 355
307 368
286 116
257 331
73 68
347 108
261 262
112 117
81 594
1241 1972
611 310
526 263
354 1400
288 1501
2139 366
543 1114
116 687
105 368
2087 304
1240 1322
608 853
360 446
266 630
724 1827
297 366
81 111
1581 357
1367 1108
950 423
493 788
330 360
307 100
274 100
256 465
103 301
623 280
475 97
433 370
367 2269
885 100
705 259
302 121
262 895
2484 469
2288 463
361 331
337 606
302 113
293 274
290 676
286 109
2646 2128
762 760
516 2256
337 514
304 98
65 121
2403 320
335 122
275 2199
267 107
1828 258
573 111
1756 110
1257 333
528 459
1467 273
118 360
864 336
771 2359
448 801
408 1107
401 261
320 282
1921 2140
1681 833
1041 480
863 2123
770 540
98 330
77 105
1623 801
1511 2703
1214 754
1024 650
839 714
573 616
116 371
104 280
1948 981
832 110
394 1316
380 274
312 343
286 1958
1656 485
1621 332
623 2099
299 446
65 739
530 373
422 459
396 1687
286 574
271 107
111 1400
1864 917
1759 307
972 266
689 417
511 259
422 665
328 2461
32 43
1927 266
1875 273
961 116
425 259
384 2561
270 1575
34 46
2259 100
2115 107
1163 282
1129 590
1213 263
963 417
847 258
528 98
312 111
262 310
2134 292
666 120
420 110
325 443
1100 2405
649 107
565 257
367 519
108 272
2368 312
1176 538
425 1407
367 953
53 48
1411 100
1029 760
891 281
361 1900
328 115
304 257
275 476
273 362
1905 340
1743 320
685 1768
420 406
325 117
74 97
1408 273
1014 1715
852 269
637 319
465 279
358 634
323 539
2788 1197
1480 311
354 2493
265 953
77 280
1843 270
996 2715
285 2159
117 263
50 49
2641 100
2407 307
1551 282
610 1627
456 277
340 480
323 2739
271 398
1719 272
1541 268
633 272
592 273
402 289
361 1064
334 304
286 436
2169 331
1673 258
1398 1724
605 112
472 115
418 2066
360 1536
335 2774
274 298
118 301
2335 2307
1029 321
786 1881
756 343
408 812
342 116
1704 434
1366 306
1090 267
399 270
305 1933
304 110
299 864
295 269
2672 298
695 310
454 572
454 368
445 2507
299 279
105 257
2209 687
1936 282
115 378
105 116
1985 1150
1028 667
567 101
342 435
269 904
1270 256
731 287
716 268
439 431
290 118
1336 50
1100 2607
1030 113
954 2156
916 512
357 382
348 272
345 514
334 676
328 103
1103 317
1033 107
1017 317
938 324
628 490
511 267
484 116
420 109
349 122
69 83
536 565
439 575
437 391
384 274
75 101
1379 736
293 298
106 716
88 82
2429 266
1694 274
1278 538
1236 1608
906 261
815 1222
750 48
345 582
335 1703
257 284
2535 100
1311 258
987 110
533 473
338 264
2496 274
655 1850
565 259
542 1338
430 391
418 736
368 862
316 551
295 330
285 446
266 109
101 279
1632 2579
1460 2444
963 715
611 378
303 122
269 603
50 55
2684 515
1485 273
1012 2639
1007 357
903 395
887 287
396 2262
338 405
331 98
111 1572
50 51
1705 1856
1032 1221
634 826
553 1829
369 1266
349 1046
339 809
259 98
102 2663
84 366
72 117
1769 498
1720 653
1717 2531
264 112
117 100
99 101
72 1850
2795 413
2268 262
358 269
347 2072
315 263
115 261
82 101
32 304
1764 320
418 319
398 801
358 311
333 258
306 107
2806 269
2202 113
1757 121
1288 2447
956 347
923 57
873 268
546 278
398 98
275 109
257 347
2361 2701
1162 2918
951 271
937 2636
475 1683
302 1961
290 120
264 277
2907 340
814 258
325 329
293 752
115 298
113 732
2865 2965
1590 804
1415 261
818 2831
312 344
305 932
2499 270
797 259
286 274
2638 1177
1591 1325
929 1532
866 830
567 675
528 1299
521 115
433 2130
319 441
257 382
2342 645
887 2534
557 97
345 371
109 580
50 54
1727 1413
797 261
526 108
420 2482
115 330
1359 262
1215 259
444 551
401 630
323 495
303 1046
1719 2030
1246 304
408 544
342 2013
342 895
333 329
309 568
112 330
2274 1221
2109 258
697 107
418 575
299 812
1784 2135
1173 122
807 122
709 261
473 366
331 257
316 100
293 410
276 371
104 366
2061 257
1340 258
915 515
390 118
2045 118
1084 402
964 464
339 121
77 1043
50 56
1615 736
1340 310
982 324
433 781
89 101
83 111
32 278
2640 269
2460 2849
1484 617
1270 2277
1255 112
797 258
543 355
313 1989
285 2468
2039 443
1621 652
1042 273
530 112
456 329
321 284
265 1653
116 471
2155 262
1953 262
882 48
528 435
421 267
375 110
285 2974
1932 1225
1840 538
1737 261
1442 298
1267 262
707 636
432 1517
305 3018
107 799
2912 269
265 405
114 400
109 330
3006 1222
2697 835
768 1112
542 122
486 281
348 263
112 321
110 471
3016 2397
3010 1063
1728 306
1101 2514
820 1049
478 2634
342 417
327 261
2102 362
553 107
513 2609
505 645
472 1938
408 2518
325 284
34 42
2088 405
937 599
354 2799
103 658
2117 1303
2033 262
1813 268
1451 2034
1039 614
928 3072
908 2310
814 362
777 317
479 846
474 3054
392 1776
334 3024
319 280
256 298
2175 114
1981 357
1460 267
1442 269
1146 122
995 2580
401 715
380 551
286 2353
75 97
2892 120
1971 652
900 370
743 622
445 104
315 652
2386 103
1954 333
1525 362
927 263
879 1713
794 2079
688 600
394 592
306 506
107 1534
2687 1949
1818 327
848 57
425 100
396 266
304 259
302 2872
117 257
71 260
3064 697
2337 312
2054 272
605 109
558 551
529 110
320 310
303 2664
72 97
3014 870
2423 100
1662 2446
1444 1253
929 397
633 3050
361 1710
302 1373
266 617
115 356
85 270
1475 701
661 289
562 391
339 2897
1877 1067
1870 3109
690 2185
642 111
302 115
293 277
293 102
262 102
107 268
2282 307
1618 436
1461 116
678 261
593 49
375 300
304 261
101 259
1372 73
1336 49
958 268
610 292
505 1777
472 73
447 269
368 121
364 111
345 284
342 270
316 271
266 277
3111 462
2893 1071
2881 2077
2392 331
1726 355
1547 114
543 987
394 451
394 122
120 636
1442 450
1129 267
391 108
344 109
328 296
79 75
2913 300
2797 107
1091 321
1077 3004
678 287
528 1862
451 261
396 459
368 329
339 2250
308 1080
302 665
50 57
2986 1692
1398 751
729 320
497 274
341 2617
332 104
317 316
302 292
1177 563
264 534
109 1531
2853 515
2485 1831
2230 515
1767 282
1350 734
1282 296
1144 1070
290 259
288 360
274 2533
266 274
107 1939
32 87
3193 298
2048 300
888 2946
816 310
793 524
607 279
256 400
102 278
2575 736
2483 108
1840 111
1785 507
1526 1078
1133 117
596 1120
418 391
359 111
309 431
114 382
66 97
1791 668
1708 97
1102 258
986 1390
567 2745
522 330
454 2975
442 278
317 107
290 1617
3000 714
1786 273
1104 544
369 3077
341 102
291 148
88 385
2058 271
686 106
439 108
391 109
345 101
337 3178
337 301
314 2440
268 2272
256 118
110 289
2630 2552
2481 544
578 638
366 1878
342 746
341 752
331 1082
290 759
2994 296
2977 1904
2869 327
2435 296
2051 257
1560 100
1318 2300
778 362
640 552
372 42
342 2814
298 98
115 98
103 2486
66 519
32 2439
2719 327
2711 108
1916 362
1470 307
1081 281
623 269
439 592
428 362
342 1299
257 311
116 259
3335 84
3115 2883
2410 258
1959 310
1547 753
778 281
339 109
2322 263
1350 324
1326 618
1017 256
388 3081
359 594
349 306
305 3156
298 108
272 397
265 760
101 269
65 110
2338 2400
2232 617
1863 279
874 267
3217 1777
2325 677
2208 310
1364 306
537 320
410 2833
116 616
1852 402
1659 267
1042 263
992 525
786 105
783 287
470 301
434 287
433 515
344 121
323 514
309 714
303 441
303 391
66 111
3076 2911
2940 1222
2188 894
1145 378
762 114
546 284
442 105
364 70
1897 284
1265 304
1007 2167
789 699
640 263
475 3106
422 373
361 114
357 259
293 269
117 348
666 108
586 258
314 2228
302 406
1930 116
1577 489
1219 589
690 760
614 300
596 1341
337 101
335 108
314 668
267 307
88 88
2344 539
1877 105
1556 256
1028 570
965 2370
359 360
308 3255
117 2086
98 356
2923 794
1667 2176
1632 3059
1446 109
1399 2243
1102 287
972 397
655 824
495 398
475 3479
297 540
74 514
2887 3155
2491 649
1781 677
1689 1172
866 938
842 2828
345 278
308 636
117 274
107 321
105 2604
3203 320
2004 3353
1706 298
1553 306
1358 262
1196 2821
1175 434
194 176
1469 551
1350 3300
1317 292
870 263
786 3116
559 2413
477 117
445 269
439 2458
379 306
274 603
266 853
262 391
116 115
2680 574
1666 653
478 1278
474 264
286 1234
286 118
111 107
106 280
3380 356
815 495
776 2328
767 870
537 310
442 2452
426 1134
283 405
282 362
102 2565
2900 751
2357 116
819 324
689 2620
607 321
451 817
405 118
394 114
339 1599
291 147
273 263
270 101
263 681
117 307
116 301
84 77
81 280
2137 417
1867 268
1715 103
1508 1252
1226 592
950 810
540 410
335 446
289 111
3038 803
1890 397
1888 473
1557 1476
986 1500
873 273
579 1195
516 1407
471 321
422 417
297 278
269 1775
109 1383
107 262
2904 310
2232 102
1261 347
910 263
546 3430
343 104
317 98
77 101
2884 304
2790 1634
2297 259
1726 812
1173 1356
795 104
670 324
612 121
596 279
484 274
476 118
456 312
380 269
309 636
303 257
299 292
264 274
3350 1692
3105 324
2613 1592
1753 268
1434 120
1057 120
933 1436
477 111
439 3216
382 301
334 895
290 309
269 1617
256 1660
104 592
97 2083
68 101
52 48
3437 3544
3023 1904
2201 462
2152 257
1606 320
1128 397
1017 312
341 80
337 344
290 3295
116 1435
113 263
112 413
109 471
98 262
82 97
3146 1731
3139 101
2510 378
2316 443
539 430
533 301
392 506
308 415
307 310
295 675
293 1021
262 362
110 272
109 282
88 1056
51 53
2593 1020
1196 2005
952 3195
951 3141
773 287
390 108
295 366
109 263
2695 398
2414 894
1985 757
1640 273
1618 373
1616 282
1175 397
937 419
906 1081
690 443
530 746
453 301
349 1829
271 2009
83 105
2678 1161
2224 259
1196 117
922 498
562 262
445 966
296 114
274 348
259 2363
3036 257
2803 1052
2798 2278
2229 3608
1810 281
1596 261
1509 282
1503 515
975 331
555 1488
537 273
536 368
493 3336
477 514
410 343
391 343
378 258
367 330
334 122
71 97
1568 279
1443 273
972 434
626 1842
610 436
414 565
388 330
364 105
357 1335
321 262
293 104
263 617
83 117
73 110
2829 3091
2511 267
2421 1713
1005 267
849 292
670 575
559 111
530 274
522 101
516 3047
442 280
375 3637
285 122
279 110
79 86
32 476
3254 1835
2973 324
2424 803
2161 2244
982 257
505 726
482 258
481 685
474 301
472 1569
445 3346
433 876
345 1376
286 113
259 114
258 862
121 371
81 97
2252 2143
2170 803
1578 761
839 313
440 259
439 1108
418 3595
368 2085
358 2001
286 107
269 3339
3057 1855
2556 1482
1781 799
1674 417
1667 257
1398 376
1128 116
795 3460
756 808
738 1564
689 3505
588 105
113 413
2650 485
2599 804
956 717
889 3759
815 115
678 362
593 53
402 788
394 489
325 356
312 586
277 263
113 694
109 261
107 317
2796 263
1701 587
1015 48
788 1225
607 258
368 279
361 292
349 2737
341 104
316 1272
316 464
313 307
307 1862
286 1519
262 112
257 658
120 101
103 360
84 101
3399 391
2999 272
2662 3123
2201 641
1928 257
1704 397
1392 1069
1036 781
971 603
963 1299
886 48
876 281
642 3167
528 781
528 259
516 287
442 3382
377 109
335 2010
335 116
320 362
295 540
286 1400
109 259
104 274
2623 463
814 310
725 355
535 331
433 1062
364 447
341 74
311 2328
298 268
269 350
41 59
1803 331
1758 98
1597 3841
1158 263
894 98
660 1177
620 794
511 258
454 630
446 279
373 330
328 109
324 268
296 258
278 329
278 311
107 109
65 752
51 49
2419 427
1794 57
1634 110
1193 659
678 258
475 492
410 1309
332 122
308 459
293 3514
292 310
65 108
2605 327
1051 261
844 525
686 3281
685 98
660 3611
593 600
398 109
385 105
286 269
275 371
102 2521
100 320
65 925
3729 2637
3433 1942
3211 1294
983 2530
850 617
626 967
528 3150
521 1668
465 2720
439 3572
377 3847
107 298
3754 431
3239 1108
2784 3285
2421 481
916 3878
847 287
3706 300
786 101
705 258
673 282
567 2396
471 330
377 2072
332 113
312 2700
303 758
256 2479
3780 2972
2025 267
1757 862
929 1423
926 261
596 328
485 327
433 2549
396 306
341 966
339 572
264 122
3826 256
3498 1538
1870 1021
1470 1855
1163 268
1104 1322
1041 718
902 258
536 3772
478 2240
341 3679
308 115
300 272
297 371
262 498
52 53
3208 495
3040 258
2330 357
2182 1254
1818 700
1362 2666
1282 324
1282 258
457 261
440 310
312 279
299 289
290 98
272 267
270 269
113 300
102 1746
3238 66
2816 279
2696 324
1866 2001
1624 258
975 269
786 97
639 693
575 110
337 329
331 347
312 605
304 258
290 3436
267 259
65 1263
2691 917
2415 267
1916 258
934 1933
509 503
329 687
290 1815
271 3474
270 284
268 105
109 360
3481 301
2692 116
2674 413
1224 1112
1204 259
1082 618
1057 482
933 1407
689 306
656 400
392 2463
337 356
317 3270
304 256
272 268
3603 3992
2054 387
1921 109
1656 463
823 324
475 105
375 791
300 266
286 3358
274 261
77 514
77 65
3758 605
1681 2544
1267 945
848 53
764 741
629 3366
425 287
350 740
291 166
3099 3042
2387 281
1698 675
1302 266
837 2559
772 104
718 267
630 281
458 115
397 405
358 3557
275 441
112 707
2229 311
2183 273
1691 320
1479 355
1133 281
1079 273
834 261
521 544
521 121
507 261
377 727
342 1080
320 424
120 514
3043 1847
2222 3579
2004 2901
1879 355
1024 274
814 287
805 796
772 273
553 3316
524 274
516 1436
489 281
366 580
104 101
3525 122
2992 3210
2632 261
1764 1125
1466 434
1463 1476
1425 287
1072 715
968 268
680 114
628 570
609 122
565 321
482 259
475 3466
363 109
323 116
314 2924
306 113
295 3839
275 256
265 328
259 120
51 52
32 4030
3450 104
2548 448
1514 258
1041 3283
905 306
860 268
837 3280
717 292
690 264
303 619
301 273
289 121
259 116
3957 1110
2896 1949
2358 1255
962 259
623 953
421 100
303 115
292 110
288 3568
262 271
115 320
111 279
90 97
88 2413
3768 274
3192 423
1535 273
1227 258
935 108
454 812
439 319
335 4021
318 256
304 122
295 1287
122 320
108 330
4110 3455
3324 398
3049 257
1781 327
1730 400
1198 261
929 1152
908 114
533 371
318 2240
308 306
121 110
120 437
102 855
75 111
4075 735
3931 917
1455 752
1117 281
1066 48
958 287
786 117
376 279
354 532
323 330
296 270
286 617
269 262
117 102
111 821
50 600
2922 3209
2606 523
2275 332
1722 570
1591 1895
1017 1137
915 357
897 261
776 977
482 261
378 287
363 2436
110 269
2868 4146
2668 113
2406 2585
1954 646
1048 761
945 258
608 622
528 417
448 121
421 3994
274 115
3619 258
3521 694
2689 259
2282 645
2182 102
1516 1957
1336 51
956 645
916 424
844 263
742 435
280 324
276 301
267 261
256 300
109 366
100 274
89 105
68 944
3777 3589
3626 652
2757 258
2602 523
2071 2077
1381 258
1208 115
368 804
367 880
341 115
332 258
323 3599
301 115
261 270
98 264
77 519
3604 3963
3253 267
1897 1000
1795 258
1783 967
1759 1049
1706 3306
1217 304
1156 277
1022 2135
919 2428
851 3213
792 268
528 316
519 1692
349 262
334 1627
332 257
319 2585
295 371
113 117
106 1441
77 360
3164 571
2215 674
2214 551
1953 114
1866 736
1533 270
1331 667
1116 3868
916 758
585 1675
452 4031
394 1409
341 317
293 300
269 263
3939 3783
3889 258
2953 1230
2045 3121
1083 310
982 98
941 258
493 264
431 259
312 273
3174 413
2993 3800
2594 3317
2298 268
2276 362
1036 402
923 54
900 436
845 410
573 105
542 2329
376 794
324 110
299 509
81 75
2586 1078
1674 715
1659 281
1277 1817
1257 904
1188 273
1045 281
975 587
848 56
751 320
678 259
555 3559
397 310
359 1067
304 436
302 409
286 417
273 405
118 298
114 269
4132 328
3496 1244
3173 1069
2564 614
2344 580
2323 2189
1779 532
1193 2127
1184 310
931 3469
805 98
567 413
513 1746
495 108
449 3960
414 391
369 3965
120 594
116 1804
116 274
51 50
3732 289
3276 258
2503 2769
2195 3275
1707 269
1418 258
1145 701
919 1821
845 3888
708 1052
642 3773
633 2085
533 4228
527 400
464 638
445 3523
359 3901
345 760
331 270
303 340
302 368
259 2517
257 101
115 592
32 3917
3180 1251
2854 614
2347 263
2094 519
1857 273
1624 603
1579 105
861 282
790 348
587 920
575 3799
559 3791
484 3522
408 274
401 704
368 1006
339 2525
308 1792
299 269
262 387
103 504
3127 266
3104 107
2890 894
2632 324
2605 2287
2131 258
1839 515
1590 382
1138 306
996 1763
943 3005
804 287
740 301
607 754
363 333
358 1676
335 826
299 115
286 258
257 280
111 1165
106 467
32 443
3922 100
3727 110
3529 292
3457 3746
2960 4362
2065 676
1981 515
1959 258
1770 261
1394 273
1168 2952
848 52
768 3885
719 719
634 300
532 115
510 266
318 273
3290 767
3191 1180
2563 256
2424 2649
2297 1161
2003 282
1770 258
1270 1379
887 261
628 261
581 262
445 3056
386 409
354 3549
319 117
305 4358
270 855
265 413
263 278
114 551
107 470
82 111
80 3911
4090 263
2906 108
2836 1203
2666 110
2615 753
2208 261
2112 300
1797 2254
1452 273
1366 1252
941 259
915 781
905 1421
751 282
568 1067
530 370
484 257
454 340
449 415
399 110
308 108
277 258
120 658
115 272
111 328
108 360
103 368
85 2463
75 117
3530 3644
3171 115
2063 751
1905 437
1883 281
1755 391
1173 435
1140 258
709 267
585 694
565 539
564 464
442 824
420 1832
401 355
396 2770
390 2369
337 534
320 287
286 122
268 113
265 4180
73 1938
3924 362
2696 1771
2523 257
2392 1675
2305 273
1797 1608
1168 3030
1019 893
897 259
891 400
834 267
453 409
446 108
433 938
426 3859
399 261
300 258
259 269
259 110
117 1355
117 121
116 287
108 116
103 116
56 48
3341 271
3165 316
3009 258
2658 1243
2527 268
2253 281
2169 113
1054 258
745 484
566 1612
544 320
475 514
441 319
349 1390
309 263
298 257
275 366
266 121
104 117
75 301
4504 801
3967 1244
3796 1831
3176 2576
2318 1612
2245 4215
2237 735
1444 327
1290 310
1219 109
1208 304
987 589
968 362
959 113
928 1062
891 551
748 320
557 101
439 100
385 97
363 3972
269 803
106 471
51 51
4251 100
3765 753
3550 301
2864 273
2558 263
2445 434
2379 307
2273 448
2271 1961
709 259
695 402
618 261
608 1114
579 98
493 1064
425 122
357 400
341 2083
292 98
290 268
115 427
107 327
83 3355
80 1250
72 111
4365 1804
4345 4567
3903 268
3711 343
2271 120
1993 464
1730 296
1664 328
1607 268
1570 485
1206 282
1047 1229
855 107
695 269
642 101
420 625
392 259
361 108
341 519
338 278
330 3113
314 753
266 812
3403 258
3227 551
2983 4023
2679 357
2114 115
1684 113
1679 282
1671 268
1578 109
1315 273
1208 3419
1079 268
1041 1900
873 424
839 1966
708 116
634 272
608 1599
553 431
337 330
290 272
2880 266
2854 3231
2268 945
1475 378
1466 266
1399 266
1198 109
1014 263
805 271
764 926
731 258
583 118
565 589
521 97
418 3591
391 110
377 100
367 818
348 1233
342 486
290 1592
4434 3553
4164 106
3108 348
2968 696
2577 82
2274 259
1972 264
1580 424
1439 1572
1347 373
1016 48
924 287
853 281
633 3985
608 98
505 3367
308 319
294 371
286 1061
286 256
263 310
115 818
73 83
4643 894
4351 1375
3926 3422
3424 268
3204 485
3110 340
2522 507
2087 1827
1879 622
1466 1099
1151 282
771 3953
742 715
723 261
695 261
472 3571
386 298
375 274
343 1527
323 4235
279 121
264 113
100 259
3376 397
2275 652
2271 2589
2222 3527
1772 259
1351 399
867 722
805 2643
608 630
578 108
369 480
368 101
335 257
303 2010
262 277
3237 273
1061 263
762 864
651 330
596 2400
573 2565
489 114
431 122
420 4113
341 107
323 4650
296 312
295 870
293 258
286 3546
262 298
257 427
4618 3680
3694 736
3483 804
2842 716
2765 1611
2731 1572
1864 658
1596 310
1238 287
1065 4059
898 258
742 721
598 378
543 321
530 270
384 343
311 117
307 257
288 278
275 356
115 311
100 3645
4652 2492
3186 2218
2387 267
2318 1161
1863 1006
1791 901
1121 348
1039 4144
963 435
956 1049
789 273
593 55
562 519
559 4406
542 110
449 4484
422 116
413 328
408 3629
406 118
308 574
290 300
112 482
111 272
85 273
3250 273
2997 111
2586 3869
2114 4317
1128 1191
768 818
743 572
703 267
651 268
475 280
448 116
433 1081
392 122
369 1989
339 1960
319 366
318 746
266 895
257 332
118 471
78 105
65 114
65 65
54 48
3810 405
2810 266
2324 261
1992 2720
1988 4239
1814 1375
1681 259
1385 98
1350 266
1238 258
1119 317
1085 3712
951 3710
928 781
874 298
771 355
743 267
691 267
561 402
546 111
526 1130
511 400
493 3858
488 3261
472 108
449 357
399 272
398 113
379 468
341 765
335 104
303 529
265 366
3975 926
3145 100
2599 271
2224 1161
2110 2693
1603 987
1427 301
1271 287
1146 435
987 482
958 259
878 261
863 3959
823 1771
673 273
530 436
493 366
356 111
332 98
293 340
4384 259
3942 473
3824 1733
3392 1148
2326 397
1993 4430
1662 304
1479 1941
1472 258
1370 257
1131 287
1077 111
1075 281
896 833
839 1519
528 938
488 280
475 1881
421 2941
409 1078
392 680
367 1676
359 538
303 572
298 109
294 4853
283 4064
272 2908
112 269
102 463
85 1776
85 122
80 111
66 2557
65 98
53 55
32 36
4624 2951
4346 2726
3531 1476
3423 581
3412 1076
3320 266
3011 306
2651 1725
2414 801
2323 271
1315 424
931 961
637 287
567 360
567 264
542 114
530 306
458 3492
318 574
299 1258
272 321
256 4805
66 101
32 1134
3865 268
2804 282
2627 259
2487 122
2380 306
1632 113
1472 351
1084 1670
873 627
789 261
655 2238
557 605
530 1763
478 765
477 330
472 3182
388 264
341 3853
339 630
320 512
315 332
293 4669
259 362
257 114
3835 2228
3825 592
3257 309
2080 1838
2033 753
1102 362
776 560
553 2876
552 427
543 4238
533 4159
437 284
433 256
428 310
410 109
408 4687
375 98
361 3803
357 2113
348 261
345 4601
319 301
309 115
291 153
280 263
113 264
108 3923
81 264
69 277
51 55
4386 289
4143 649
3207 653
2577 84
2523 292
2340 999
2161 112
2015 613
1888 1835
1277 101
874 266
779 306
762 446
762 108
646 107
530 3119
449 256
434 310
408 572
401 1428
392 4283
311 280
107 330
104 301
101 105
99 97
4739 891
3558 726
3388 350
3349 893
3090 114
2469 668
2366 1608
2320 447
1797 1668
1515 310
1365 997
1144 613
923 55
917 115
828 1245
686 107
658 471
607 1952
583 120
542 108
375 406
323 594
262 514
108 464
73 75
53 53
52 49
4905 319
4525 263
4320 2495
4078 1325
3882 2278
2209 327
1971 332
1321 735
1311 362
1233 262
915 320
588 101
530 590
511 281
497 1112
375 104
341 257
262 817
115 447
109 98
46 41
5009 2834
4870 4217
4467 289
4422 317
3468 257
2930 311
2852 2029
2683 284
2570 355
2239 261
2006 3044
1579 258
1455 2167
687 261
686 1748
546 105
505 271
472 257
439 304
408 108
354 113
312 274
259 292
258 1303
194 171
4569 2967
3956 524
3470 4343
1559 417
1530 261
1510 287
1394 282
1385 355
1364 920
1315 282
1271 258
950 570
902 287
848 55
782 4769
749 263
559 117
376 259
367 1374
309 653
309 563
307 498
293 2083
262 287
256 268
103 366
77 1944
4702 304
3678 271
3570 258
3048 257
2674 311
2635 3573
2275 846
2162 482
1769 485
1570 498
1042 310
839 988
781 272
608 2675
472 1566
472 84
375 333
339 3872
314 574
303 114
257 298
116 271
111 104
4636 3329
4385 343
3664 476
2939 551
2538 119
2386 108
2324 258
2286 551
2152 1592
1518 754
1479 1107
1013 1960
950 258
898 287
814 261
742 1299
616 490
590 382
543 622
513 108
453 357
388 105
371 111
354 108
341 263
318 895
302 1938
295 405
274 304
104 997
83 75
5117 868
5105 121
3760 261
3495 397
3404 266
3263 320
2031 273
1857 282
1679 259
1607 627
1563 282
1324 307
664 945
607 309
524 107
517 273
505 2107
457 301
454 2984
451 296
432 1130
377 939
363 256
356 117
342 268
298 263
292 121
288 586
285 836
269 333
265 360
262 106
122 330
51 56
3538 115
3425 292
2025 281
1563 258
1503 370
1454 1357
1398 332
1331 320
1264 589
1228 287
1023 271
998 258
985 110
778 2770
741 630
655 111
377 1006
349 765
339 1792
319 311
293 3881
289 2984
271 263
266 1107
100 2901
89 111
78 101
73 3182
4046 115
4014 704
3910 1142
3322 504
3186 4554
2961 258
1580 273
1478 273
1461 417
1399 1830
1336 52
1329 261
750 600
691 281
611 701
598 701
482 287
405 1895
390 121
380 872
303 4449
301 1445
277 261
257 330
80 97
70 280
65 102
65 78
4950 306
4598 575
4432 330
4100 320
3736 794
2683 1126
2583 4223
2324 310
2319 402
1976 357
1726 572
1558 263
1154 258
1039 4461
1034 261
844 515
751 273
567 2058
528 266
431 373
399 100
394 1941
392 4524
359 2011
359 330
344 110
337 360
297 3303
295 818
289 109
115 114
113 108
89 3303
32 406
3633 274
3518 515
3503 653
2767 1251
2433 4398
2358 274
2019 357
1852 370
1705 473
1535 424
1503 781
1443 424
1327 1325
1206 273
1179 310
996 266
847 259
795 2782
724 296
648 261
535 1942
462 267
392 270
377 2688
360 2291
358 1653
350 110
345 5222
342 271
321 109
313 674
312 114
303 994
296 259
290 1379
256 266
120 1471
101 868
32 5061
4563 2508
2954 1260
2848 4302
2469 901
2195 870
2031 320
1640 282
1502 287
1146 4303
1114 259
1034 259
1028 273
858 398
802 110
792 506
768 3329
705 310
637 259
635 281
579 115
487 699
431 261
303 534
115 287
66 880
3867 266
3563 370
3314 357
3120 109
3108 98
3029 273
2354 4915
2177 772
2056 1142
2039 586
1483 273
1466 397
1359 347
1171 355
958 261
847 261
828 2066
741 572
730 498
625 264
589 258
545 273
490 122
483 3398
475 4776
449 4174
418 387
406 258
386 804
379 1062
335 328
318 2013
309 279
271 1639
112 463
70 97
53 57
32 1703
4697 114
4360 2942
4220 1026
3509 3961
3333 4722
3259 108
3074 2073
2612 423
2459 563
2367 259
2078 459
1930 397
1727 406
1649 602
1326 307
1234 272
863 261
617 2542
559 278
528 116
451 320
388 594
388 117
348 259
335 410
324 107
114 473
83 101
76 1881
4701 448
4045 100
3700 122
3689 100
2764 324
2519 258
2100 273
1800 667
1744 459
1621 2144
1596 362
1266 259
1085 1237
980 1907
922 287
884 261
849 370
812 259
762 4746
742 459
686 258
655 280
639 714
623 330
559 105
537 296
530 2257
444 464
409 110
406 262
401 1377
388 2263
377 3831
368 109
307 256
111 269
105 100
103 448
51 57
51 54
5368 4103
5189 4321
3730 279
3226 258
2736 273
2340 316
2204 259
2037 514
1930 266
1755 113
1710 3630
1643 287
1333 261
1164 258
1089 287
968 627
938 259
456 409
406 109
396 108
348 258
339 465
335 1733
315 2144
297 793
266 362
53 54
52 56
5031 300
4920 2291
4469 966
2838 100
1858 1989
1578 277
1553 920
1456 400
1393 287
1074 2085
749 701
564 459
503 4408
465 1341
428 320
422 1221
385 280
342 1631
341 277
315 113
300 1130
294 360
290 256
274 273
271 258
117 321
78 1307
68 111
65 5134
65 82
32 38
5170 1312
5166 700
4429 371
4307 580
3534 701
3488 3129
3204 498
2971 263
2890 3943
2771 1153
2729 434
2718 273
2630 704
2537 282
2481 716
2079 580
1727 263
1469 2631
1444 1939
1290 273
1075 1482
1039 4454
881 281
762 277
689 435
628 320
628 310
580 4576
535 470
473 560
472 2604
451 378
391 107
342 1960
341 885
341 100
323 280
309 109
295 112
286 5350
121 360
121 264
112 602
110 427
5047 1639
4641 801
4550 2667
4457 3808
4381 307
3520 2030
3388 5288
2840 400
2511 400
2459 3515
1859 312
1645 267
1034 324
900 1631
773 362
738 296
723 362
608 292
593 54
529 118
505 575
487 282
456 274
430 423
422 2130
379 424
361 457
350 674
320 468
289 114
271 317
266 300
263 287
257 329
112 366
86 116
76 4160
5121 284
4908 3886
4753 3344
3895 480
3661 258
2627 406
2584 287
2539 398
2249 1482
2212 457
2053 1899
1788 515
1787 1142
1491 312
1014 2299
928 402
923 56
891 382
847 362
728 538
573 514
566 281
561 399
442 2263
439 112
398 106
351 1388
348 273
343 100
333 105
323 5005
320 506
305 4718
296 760
270 298
266 1631
259 289
116 366
107 1297
100 2185
69 864
53 49
52 52
4943 5244
3828 1922
3520 272
3401 300
3165 999
2786 258
2272 100
1227 362
1065 890
1027 116
983 800
982 259
878 310
863 1696
847 310
705 480
579 446
422 539
396 98
390 677
331 618
286 1631
269 257
267 273
266 2569
263 277
121 413
104 262
99 1908
78 111
76 105
73 257
68 117
53 50
52 50
37 44
5285 2569
4595 263
5658 5544
3787 300
3752 108
3462 2290
3337 2299
3098 111
2855 1176
2823 3055
2682 781
2575 279
2115 503
1971 2144
1551 699
1343 281
1158 282
1057 292
964 949
717 382
493 280
401 721
378 310
375 4912
375 332
368 399
358 953
286 1038
274 122
99 111
77 73
70 111
4825 5603
4308 378
4248 320
3486 263
1768 1161
1667 98
1512 1000
1486 261
1182 990
874 1654
839 5693
642 278
488 4996
401 304
375 617
360 397
332 118
305 300
290 261
285 269
258 4713
84 330
5140 1775
4949 3696
4092 1021
4087 107
3458 107
3337 263
3326 3896
2983 4593
2786 261
2131 261
2126 804
1869 781
1590 2113
1483 282
1483 268
1408 512
1349 718
1326 109
1118 320
1057 3613
1048 267
970 1180
908 1130
879 309
873 468
537 261
470 97
445 665
442 973
368 113
359 284
335 1082
308 715
302 268
194 187
104 1784
100 457
85 5319
53 52
32 704
5156 5128
4786 269
4648 485
2716 266
2357 2440
2301 259
2155 945
2051 98
1720 926
1616 667
1246 312
1156 3118
1047 3627
882 600
845 539
785 378
684 357
623 880
617 2588
608 1107
566 259
557 111
515 273
505 616
367 514
360 268
335 268
331 258
306 287
302 726
295 278
281 273
280 267
274 121
264 319
120 405
113 707
111 258
109 504
86 86
55 55
32 775
5780 258
5499 263
5043 3788
4801 498
4542 116
4387 1248
4279 263
3929 1082
2926 434
2578 355
1852 1062
1755 592
1624 810
1040 317
747 507
633 5611
484 98
442 264
421 319
401 122
390 4129
328 279
321 268
314 945
306 424
266 387
256 397
5811 618
3726 423
2878 735
2681 5564
1526 328
1440 268
1328 817
1292 4212
1197 658
1158 273
1136 287
1100 4519
1007 515
1006 116
871 701
795 779
777 263
564 1134
529 300
511 1335
508 53
454 5081
432 2588
405 457
405 100
394 340
369 4052
367 4793
331 115
298 258
271 1763
256 307
117 1430
115 368
109 311
105 332
105 102
100 310
75 973
5547 592
5032 1617
3945 397
3743 1357
3174 2807
3104 2028
3098 3397
2842 2867
2364 715
2018 343
1911 353
1701 515
1652 262
1461 1232
1368 552
1347 257
1215 258
1155 357
1102 261
1067 270
956 109
927 572
897 267
834 259
776 5607
771 267
711 735
616 1076
593 57
557 2889
546 2898
542 2482
535 4581
528 876
505 1244
449 331
377 368
345 3448
341 304
339 431
337 707
319 826
297 413
295 300
116 362
115 258
81 1539
80 321
5524 1462
5256 74
4896 1020
4588 431
3794 534
3789 273
3731 715
3707 482
3489 267
3340 3788
3338 2492
3221 256
2475 1482
2417 261
2372 287
2091 3547
1888 534
1818 687
1788 370
1656 272
1047 391
1019 423
969 2458
929 1099
908 4480
900 1232
837 613
792 468
431 110
408 1114
396 484
341 300
316 1980
298 256
274 277
262 373
121 471
117 112
116 114
98 1864
72 280
69 5235
55 53
5637 272
5251 1627
4698 102
4404 327
3792 263
3392 269
3160 402
2993 918
2742 507
2668 1675
2614 997
2420 259
2074 258
2005 1225
1485 424
1425 261
1363 261
1276 541
1247 2278
1133 267
1047 269
1035 268
933 2256
870 267
823 5709
769 113
675 311
666 122
629 3400
607 333
589 100
573 5321
559 3461
535 266
479 102
472 2772
472 668
472 109
471 101
458 3654
409 98
401 2552
352 719
319 514
305 495
302 102
275 343
269 317
267 108
121 482
113 366
76 97
5997 1634
5382 2329
5287 111
5193 263
5091 3019
4397 103
4318 3019
4203 5252
3610 451
2915 258
2765 368
2553 613
2539 269
2519 271
2326 434
2067 1432
2060 268
1828 261
1769 2290
1283 312
1277 330
1104 668
1104 378
1042 817
963 1723
938 261
900 98
886 53
879 271
820 645
792 320
778 282
731 261
626 2916
565 650
526 1038
511 282
484 256
330 101
306 2176
305 109
288 707
116 331
111 1115
102 102
100 311
5737 563
5681 1222
5224 267
4523 106
4341 320
4219 340
3940 765
3395 98
3180 5079
2895 310
2773 273
2470 43
2445 266
2416 2277
1473 447
1399 116
1390 306
1318 114
1227 261
1205 1482
1179 259
1072 1963
873 282
728 378
530 406
488 366
477 4740
432 4359
410 266
376 113
363 2300
361 317
314 2942
314 373
306 468
299 263
293 100
290 102
275 263
262 617
107 413
77 287
52 54
5750 4002
4847 114
4704 116
3884 400
3488 327
3328 4448
2681 357
2647 267
2499 306
2371 274
1911 436
1700 110
1649 2299
1629 2858
1435 300
1435 112
1417 258
1207 259
1128 1152
1100 685
924 261
896 3785
855 1388
764 258
750 56
716 273
633 4846
610 746
528 515
467 659
422 714
377 1777
364 356
350 5900
349 2620
341 120
339 268
334 1958
313 108
303 864
302 6062
289 1855
268 114
256 2198
256 115
122 296
121 281
118 117
109 413
75 1562
65 2617
52 51
6092 4451
5550 5291
5007 894
4476 3592
4105 268
4067 1310
3262 98
2914 282
2647 281
2110 116
1866 107
1577 281
1577 267
1182 266
1164 261
975 2559
974 100
886 600
743 630
729 282
658 1558
588 280
566 1221
493 4944
464 258
417 259
359 707
354 5660
339 853
334 704
332 289
304 310
285 121
116 298
107 471
65 4015
52 55
6102 714
5777 347
5255 1951
4922 357
4558 261
4501 760
4481 272
3793 803
2964 348
2766 3446
2547 3112
2547 1630
2483 550
2422 269
2156 677
2091 117
1953 945
1706 2508
1508 1421
1503 1062
1440 273
1300 320
1236 1668
1193 2381
1192 268
1151 541
1017 274
996 808
814 259
771 5752
725 273
567 616
544 273
530 2752
524 1476
521 826
456 524
442 2958
401 2783
395 658
390 279
384 121
367 1653
349 271
342 2931
312 262
290 857
285 5011
271 735
116 317
5995 2782
5131 570
4955 2029
4901 98
4412 258
3723 328
3576 423
3440 332
3189 320
2992 332
2838 267
2669 5174
2615 945
2613 292
2460 399
2433 4438
2350 3986
2337 465
2091 1445
1741 109
1574 817
1420 108
1204 261
1138 1421
1082 580
1079 627
917 321
691 701
591 109
545 751
446 121
414 113
405 121
392 758
391 310
376 121
367 707
351 108
344 115
341 116
314 256
300 109
296 5448
275 2397
271 257
266 2409
259 109
106 360
102 284
77 111
65 67
6131 3955
5272 307
5173 2846
4935 266
4738 718
4706 330
4162 298
3633 2266
3596 402
3558 2468
3251 258
3187 2355
3124 258
3086 613
2859 1235
2766 1998
2553 266
2352 282
2342 307
2326 1191
2252 434
2117 312
1959 261
1744 1687
1730 281
1724 273
1638 287
1590 271
1523 1130
1487 699
1461 257
1450 273
1385 622
1298 268
1168 2700
1154 362
1050 117
962 261
950 667
919 1423
873 259
844 2921
800 287
792 512
686 3982
655 5843
593 50
550 262
540 330
505 2029
505 108
464 261
364 117
342 3118
324 273
321 431
321 100
313 2376
313 118
308 870
299 2931
293 1733
267 355
266 112
262 485
121 330
37 41
5498 3914
5116 115
4187 830
3929 113
3748 3275
3312 1815
2791 1078
2401 282
2369 826
2322 571
2175 4061
1943 281
1896 1235
1734 306
1630 270
1551 273
1392 1357
1188 282
1168 6106
1151 268
1135 2447
1012 4954
865 2916
792 424
778 107
756 5856
719 1778
709 282
686 115
686 104
633 2629
538 101
477 1501
458 259
454 114
452 4876
448 1462
403 1973
375 307
342 721
340 259
339 812
316 949
308 1383
299 932
293 4280
290 310
286 706
268 328
265 344
119 594
72 2238
66 1676
5598 273
5541 5852
5531 3745
5393 864
4036 348
3482 6256
3224 2052
3135 273
3097 258
2712 5297
2371 256
2249 2261
2202 6254
2152 4111
2109 362
2090 446
1858 6410
1853 911
1766 261
1729 3093
1718 332
1619 282
1318 1746
1315 468
1136 310
1040 115
968 423
844 316
730 495
711 1110
680 5575
578 6045
553 694
418 4977
392 4348
385 880
359 79
350 271
348 110
309 97
268 1148
117 826
117 259
75 264
6143 357
5457 5025
5400 5334
4571 281
4099 1842
3890 258
3590 942
3396 263
3284 259
3260 105
3249 261
3218 320
3086 266
2864 282
2765 395
2573 281
2330 1474
2211 2492
2171 258
2048 266
1802 48
1752 273
1619 273
1523 263
1520 2479
1347 436
1340 1771
1024 109
984 704
982 292
896 97
887 259
866 316
849 1232
808 97
807 6441
770 1105
756 2721
559 2898
535 390
532 2858
472 2487
442 5374
430 110
368 767
345 328
337 262
331 2467
307 263
306 512
290 5836
285 2370
279 801
274 645
274 259
272 261
259 115
102 519
81 788
75 1908
72 105
6386 650
5848 307
5774 779
5563 581
5035 448
4848 1225
4337 320
4086 2517
3775 507
3757 307
3664 965
3486 552
3246 261
2891 373
2716 1099
2678 4931
2316 3598
2161 629
1890 434
1568 581
1399 1070
1385 292
1274 107
1261 102
843 677
827 271
750 54
718 320
644 287
588 111
476 485
474 280
459 356
444 1117
421 331
379 5605
377 3631
350 3701
331 114
300 307
298 423
284 278
265 1676
116 1826
108 3747
104 266
84 514
83 594
77 768
66 594
57 48
5460 523
4622 98
3356 282
3301 282
2997 266
2651 645
2557 273
2491 580
2348 434
2061 1592
2015 397
1795 261
1788 781
1787 1069
1744 417
1530 259
1486 287
1457 2455
1277 855
1229 4667
1168 2010
1097 287
1042 261
962 273
768 376
734 109
670 1112
607 857
591 355
564 1819
557 413
557 262
557 117
524 457
509 298
489 110
473 117
421 347
357 258
343 113
339 622
337 117
323 2846
309 5199
299 1231
295 721
290 6549
286 1157
272 4768
269 320
110 115
99 105
75 2958
73 2487
72 824
65 4370
53 51
6575 368
6614 3852
5909 313
5688 398
5459 572
5006 108
4685 3367
4631 320
4527 2654
4056 810
3708 111
3368 272
3220 2886
2949 292
2766 2128
2680 6538
2627 1242
2592 287
2568 258
2496 2266
2476 3198
2338 398
2295 400
2134 98
1991 273
1911 417
1888 471
1861 258
1679 468
1651 320
1624 1660
1618 257
1607 273
1597 1792
1581 1474
1456 271
1366 320
1351 574
1349 300
1339 1771
1190 1081
1184 320
1057 5850
986 324
950 268
900 895
832 1739
730 1082
686 333
623 6120
616 115
593 52
561 357
528 1687
528 715
521 3213
475 6113
473 473
454 1630
449 115
401 2042
401 391
399 263
379 982
379 310
379 259
359 329
349 1110
323 269
317 121
286 2042
256 296
121 1501
109 114
86 1477
74 1186
73 70
48 53
6247 101
6169 4153
6009 258
5918 721
5545 2150
5497 277
5063 106
4632 423
4597 1459
4319 2763
4282 1815
4016 103
3747 330
3471 263
3463 668
3462 498
3328 1724
2862 6194
2615 5033
2603 273
2218 3914
2029 4383
1760 287
1755 612
1751 1150
1744 715
1598 272
1587 6384
1504 48
1372 5478
1190 1474
1035 282
1028 424
948 446
933 287
728 701
642 1186
640 947
558 1117
546 5627
477 427
385 2099
369 2028
367 264
347 268
341 2889
315 340
314 1110
278 111
270 280
266 101
262 329
257 273
122 271
112 278
98 263
74 111
48 49
5731 1112
4155 1555
4009 1952
6752 427
3962 66
3084 258
2325 799
2318 833
2223 107
2027 653
1679 3738
1587 6232
1547 262
1277 117
1238 261
1215 261
888 1161
848 51
818 659
799 116
795 3296
795 109
778 3745
750 55
750 53
743 853
602 113
543 340
530 387
495 590
479 2486
451 362
390 329
379 3375
377 534
354 121
343 259
321 279
305 6407
304 373
293 721
286 746
286 390
270 263
269 300
262 300
89 793
32 287
6522 1895
6051 5228
6047 5844
5742 988
5042 378
4810 5595
4162 503
3730 646
3356 263
2618 261
2593 5087
2247 4932
2063 468
2059 509
2003 667
1579 273
1445 263
1408 506
1298 1619
1217 100
1200 324
1146 1356
1134 376
1077 101
934 3982
906 258
878 259
786 111
764 1310
688 55
648 258
581 101
539 100
532 267
528 1670
477 1105
446 262
445 262
444 1851
433 357
419 675
379 1081
329 3344
304 118
267 110
111 100
110 356
106 6800
106 519
75 105
6593 1675
6398 115
6085 6396
5034 289
4882 490
4474 3381
4299 4013
3743 1142
2751 261
2731 1165
2682 515
2602 693
2563 1049
2438 287
2371 410
2222 592
2162 589
1871 701
1755 5907
1752 282
1651 1573
1520 277
1490 258
1126 586
1039 5769
992 357
879 2769
862 4745
830 261
769 373
713 5940
566 1161
535 6187
487 468
457 278
425 2783
354 6438
347 674
347 274
329 398
323 3355
321 105
308 1723
305 2052
302 1798
300 653
300 269
295 6105
270 2654
269 5201
119 6295
115 360
114 464
100 646
74 4506
73 115
48 50
6411 4127
6093 2875
6035 3093
5996 269
5786 279
5677 292
5525 675
5349 258
4844 1856
4760 102
4710 258
4545 310
4452 109
4299 274
4256 1325
3659 268
3440 652
3242 307
2969 1309
2804 699
2761 751
2647 5110
2406 3854
2357 4974
2196 324
2101 2574
2080 1941
1814 3983
1622 259
1606 830
1467 424
1359 115
1057 105
1004 316
962 258
958 893
941 282
937 904
906 515
882 57
741 853
688 54
608 1838
488 301
474 467
448 103
425 319
403 600
394 6706
388 4730
385 953
377 108
368 98
367 72
363 328
354 574
349 534
349 270
336 97
325 366
301 107
299 450
278 1251
277 801
113 6462
103 274
99 107
85 680
84 117
77 83
6673 6533
5429 855
5303 674
5301 281
4773 263
4411 267
4053 1284
3971 504
3580 3696
3360 2215
3345 410
2894 676
2730 261
2683 484
2450 273
2433 694
2376 760
2348 397
2259 457
1914 6163
1575 1735
1469 347
1399 1819
1361 105
1193 2780
1145 1448
1136 261
1134 109
1118 1405
1079 424
1041 300
1033 4744
937 333
892 718
725 324
666 524
644 261
631 273
611 1405
585 347
573 330
566 261
539 109
528 5046
528 999
511 287
505 121
475 117
472 68
376 5993
369 1124
367 6576
359 514
354 269
337 256
314 266
308 1960
304 287
300 1312
294 606
274 482
268 2086
267 652
265 6087
257 117
111 2200
111 2096
84 264
73 122
48 56
4743 2376
4353 267
4036 98
3725 108
2917 310
2729 397
2594 355
2408 98
2257 355
2224 1221
2188 471
2170 103
2159 6841
2148 268
2104 259
2078 417
2004 348
1932 2150
1839 1252
1749 104
1266 261
1138 920
1079 468
1015 600
871 378
855 327
826 256
799 100
795 289
785 273
749 378
655 594
642 4506
636 2721
578 2576
573 5790
546 106
538 268
494 45
471 266
439 118
433 310
425 4298
421 277
408 298
367 5711
367 4197
350 495
350 263
344 108
343 340
341 1733
341 1195
334 5129
325 1056
323 413
318 263
304 107
303 1907
294 274
293 4789
274 271
262 100
103 1069
101 333
82 356
82 105
79 108
73 4242
69 868
6959 794
6661 98
5246 122
4275 54
4082 6286
4066 515
3551 282
3531 457
3463 270
3247 282
3029 282
2671 287
2473 300
2191 268
2112 402
2026 726
1789 320
1673 362
1668 1627
1557 7040
1518 5263
1512 6124
1265 2111
1146 4856
1011 65
914 1821
908 280
906 357
885 2055
822 7037
786 2898
743 1114
709 281
651 459
649 298
623 5976
608 572
526 5587
516 259
492 266
401 98
398 279
392 6362
366 757
321 399
317 109
298 3345
269 106
267 281
259 310
257 282
104 5574
88 111
68 105
65 115
6541 592
6244 1224
6175 760
6083 269
5421 1413
4424 1855
3698 267
3416 370
3360 413
3307 261
3293 1592
3222 3258
2964 98
2862 111
2713 4886
2692 397
2384 287
2364 417
2247 2405
2245 6498
2220 282
2190 258
2138 515
1718 261
1626 258
1511 464
1509 468
1438 57
1433 590
1330 258
1318 263
1296 5293
1283 460
1175 1152
1168 3973
1154 287
1072 721
1036 357
776 1338
762 6600
742 1080
736 2086
642 3598
616 327
607 1209
605 4691
543 572
475 329
458 3245
439 262
421 109
392 4637
376 292
369 464
365 1021
358 658
348 463
319 1575
318 760
295 885
289 259
269 3961
266 296
261 4723
256 273
112 514
107 818
106 833
106 437
102 4529
101 100
85 90
77 2219
71 1947
6895 894
5647 2381
4975 1165
4817 735
4790 327
3970 324
3784 122
3340 2796
3301 273
3249 259
3242 109
2856 287
2602 100
2501 3738
2407 2188
2354 1768
2288 329
2233 7052
2214 267
2078 6712
2037 268
2011 301
1917 273
1902 273
1871 378
1863 366
1794 56
1722 282
1673 259
1666 258
1492 267
1331 258
1271 268
1257 257
1184 259
968 733
907 267
885 121
807 5537
796 482
771 7053
689 480
593 56
559 280
476 116
457 267
453 741
439 6044
436 259
425 506
415 668
369 3043
347 7294
342 1805
340 1812
339 2675
335 6002
328 121
323 824
323 83
321 116
317 1266
292 100
289 1538
286 343
278 101
257 1860
107 634
69 108
48 55
6599 3970
6551 846
6266 977
5734 3119
5418 2544
5259 327
5080 4867
4807 1225
4424 5083
4211 5512
4152 6622
4148 1405
3828 7036
3674 1046
3642 311
3590 328
3487 261
3443 645
3347 627
3035 5019
2926 397
2548 6704
2233 292
2149 5691
2019 830
1961 857
1906 3327
1857 424
1567 3785
1533 2242
1463 274
1315 258
1305 273
1247 4526
1188 258
1187 324
1184 817
1175 990
1169 667
1087 100
1039 6713
951 307
913 120
839 271
792 541
789 468
750 51
721 281
651 417
573 278
539 274
529 2508
497 630
493 5665
484 259
481 100
421 700
388 514
378 324
369 5746
357 97
354 775
340 263
328 503
314 111
304 485
303 570
292 2176
286 419
286 102
270 111
266 278
263 116
263 112
262 115
257 1575
256 277
117 267
102 614
79 552
77 594
75 278
69 75
52 57
7357 7296
6554 1134
6042 110
5591 6718
4686 357
3739 279
3411 434
3374 498
3342 4258
3310 273
3278 281
3172 261
2877 273
2868 292
2810 613
2566 1284
2406 2130
2253 2442
2180 1107
2018 799
2014 6431
1796 49
1767 468
1736 259
1606 716
1577 115
1547 945
1498 926
1468 273
1434 6779
1302 464
1265 2242
1193 2655
1011 261
884 310
796 589
776 5682
743 812
738 5090
666 529
659 3527
658 287
591 1865
521 296
493 105
484 319
479 121
472 6048
472 2667
467 269
440 362
418 524
394 3958
360 330
343 465
342 715
330 1061
321 104
314 4547
306 699
295 5002
293 7232
293 5264
265 2879
120 284
107 360
100 409
97 259
85 4637
81 117
65 7133
32 395
7328 4199
7176 565
6964 7072
4599 6849
4388 794
4124 1335
4035 571
3997 109
3723 98
3173 1357
3161 6272
2969 1634
2954 490
2896 6338
2736 282
2702 258
2669 274
2547 1599
2489 107
2316 2211
2302 320
2264 6909
2146 287
2125 259
2098 258
2067 2129
1993 949
1867 1096
1645 259
1487 320
1460 400
1394 468
1388 1536
1385 853
1358 4503
1324 3641
1321 261
1298 627
1286 273
1207 3400
1174 48
882 53
837 332
786 594
756 108
691 378
666 263
575 277
555 6885
517 258
511 310
451 570
422 1137
398 259
367 280
361 2908
360 111
354 6950
341 65
340 113
335 717
331 122
327 259
305 7392
295 1822
293 2111
291 152
266 431
257 281
115 523
115 280
68 80
67 111
65 83
7399 261
7215 3545
7021 617
6261 100
6030 1873
5994 457
5880 752
5863 485
5487 469
5424 122
5381 267
5361 1082
4747 266
4720 348
4297 1473
3989 281
3835 321
3524 320
3426 1668
3403 362
3209 2542
3114 1252
3005 324
2973 1771
2919 273
2725 281
2657 281
2214 281
2180 355
2024 2353
2015 1070
1828 362
1704 1191
1652 1046
1485 506
1469 1816
1401 258
1344 267
1305 920
1085 1847
1051 259
1051 258
1021 278
1015 53
976 406
919 1532
879 4889
874 1272
865 284
688 53
687 287
686 5826
686 300
636 279
635 267
543 1124
535 107
517 378
497 872
472 98
458 2212
428 259
421 113
420 100
401 812
391 121
361 113
7610 5787
331 116
329 114
316 1462
312 321
296 261
286 1598
286 895
89 284
88 66
84 105
75 287
73 6328
67 539
7530 1377
7014 836
6958 6089
6725 1847
6503 3123
6178 83
5172 574
4881 347
4112 5539
3989 267
3471 716
3432 7024
3391 282
3341 804
3257 262
3184 282
3060 281
2944 273
2939 382
2891 113
2789 268
2773 512
2470 38
2343 263
2063 263
1979 261
1942 457
1582 298
1525 287
1523 947
1512 668
1434 2227
1385 1107
1347 370
1317 319
1265 450
1239 310
1235 1237
1226 2820
1184 261
1036 876
985 846
968 261
928 256
768 1654
764 512
750 57
747 551
745 2886
704 267
690 4502
644 310
620 256
561 551
514 110
493 594
479 110
7681 350
454 2712
446 2844
445 7161
390 109
379 895
363 7166
350 391
343 121
342 2355
339 262
330 273
317 118
308 431
305 581
302 7250
288 2452
279 669
268 1115
258 268
121 116
112 1217
107 2199
107 264
105 5169
81 514
59 7647
48 57
5820 999
5585 5109
5257 7236
4662 263
4644 267
4580 2609
3802 658
3440 2144
3360 4245
3340 5479
3318 7231
3290 589
3035 104
2702 1619
2612 362
2503 271
2257 270
2196 102
2031 512
2014 798
2006 1710
1964 261
1911 415
1869 282
1797 121
1606 1125
1555 833
1509 263
1406 321
1361 330
7739 3232
1292 263
1247 714
1205 281
1024 309
997 268
928 1081
886 56
882 55
863 296
861 273
859 261
779 270
565 894
442 356
422 563
409 121
379 586
375 262
375 102
367 826
354 114
344 1030
335 111
328 108
318 257
314 370
306 110
305 2557
301 447
299 575
293 6497
271 552
271 261
271 256
122 307
115 540
97 266
82 70
77 1067
65 3853
59 577
7751 809
7048 1061
6840 833
6792 1124
5982 73
5532 1775
5282 312
5051 804
4834 266
4240 298
4236 681
4161 49
4097 320
4067 1153
3825 2820
3671 332
3332 434
3261 65
2961 296
2955 261
2952 490
2888 310
2880 990
2848 5645
2736 5365
2657 2428
2503 649
2489 2625
2489 355
2475 2261
2230 357
2168 287
2160 105
2149 273
2044 310
1783 1710
1737 287
1551 468
1541 282
1362 6525
1331 300
1318 262
1171 572
1169 282
1075 2261
1028 282
1007 701
1005 714
929 434
919 2008
882 56
843 98
842 1177
795 271
786 4160
782 5227
771 7245
762 6368
756 592
750 50
709 258
688 56
666 266
655 6887
580 4245
567 707
566 4822
557 85
497 1733
493 514
458 2446
449 2533
449 402
445 7651
439 1428
439 113
409 109
408 1599
396 417
394 2200
392 424
367 560
360 115
342 3787
334 2467
328 116
324 282
321 7833
302 114
299 6502
286 1528
279 966
269 121
266 263
112 7154
112 3540
109 310
103 321
86 105
85 259
84 4730
80 344
70 5226
69 114
48 54
7097 6510
7038 4456
6481 3656
6195 645
6000 311
5356 812
4999 751
4978 498
4898 7082
4350 320
4178 100
4139 113
3873 2277
3668 269
3555 716
3530 753
3502 268
3446 6229
3348 273
3309 613
3154 7092
3022 112
2349 268
2286 1598
2180 622
2139 5395
2063 541
1927 1548
1886 347
1853 2254
1851 589
1791 6838
1645 281
1607 282
1479 1630
1443 282
1321 2549
1314 378
1302 551
1300 258
1213 310
1156 347
1146 636
1057 104
983 2621
916 282
912 261
884 362
882 54
879 580
874 289
796 310
793 4781
792 699
789 541
786 6967
747 395
717 263
686 801
635 400
624 107
610 1631
607 261
557 105
528 3244
504 1142
488 768
420 480
410 391
388 5963
364 768
341 4370
331 694
327 627
323 666
305 7706
300 2569
292 1183
290 1908
275 5576
274 296
118 366
115 650
112 114
108 110
107 571
82 447
79 532
68 278
32 387
6223 3856
5824 587
5471 921
5430 592
5027 6968
4745 1388
4528 268
4475 1225
4433 271
4419 115
4254 424
4184 462
4158 2363
3874 282
3610 509
3534 378
3482 1998
3443 961
2917 282
2836 4728
2658 1740
2563 1725
2220 273
